              precision    recall  f1-score   support

           0       0.59      0.71      0.64       105
           1       0.62      0.82      0.71        50
           2       0.42      0.49      0.45        43
           3       0.15      0.13      0.14        46
           4       0.41      0.23      0.30        56
           5       0.00      0.00      0.00        19
           6       0.50      0.04      0.08        24
           7       0.40      0.71      0.51        35
           8       0.00      0.00      0.00         8
           9       0.67      0.08      0.14        26
          10       0.29      0.05      0.08        44
          11       0.29      0.15      0.20        13
          12       0.00      0.00      0.00         8
          13       0.00      0.00      0.00        11
          14       0.50      0.11      0.18         9
          15       0.79      0.88      0.83        50
          16       0.00      0.00      0.00         4
          17       0.56      0.60      0.58        25
          18       0.51      0.83      0.63        23
          19       0.00      0.00      0.00         5
          20       0.35      0.39      0.37        28
          21       0.00      0.00      0.00         1
          22       0.00      0.00      0.00        16
          23       0.00      0.00      0.00         1
          24       0.30      0.86      0.44         7
          25       0.26      0.29      0.27        21
          26       0.22      0.18      0.20        11
          27       0.56      0.71      0.63       311

    accuracy                           0.51      1000
   macro avg       0.30      0.30      0.26      1000
weighted avg       0.46      0.51      0.46      1000

Accuracy: 0.514
Macro F1: 0.263610259852846
